5.726019
1.807960
0.522536
1.082638
0.430644
1.632383
0.715691
6.321322
1.377361
0.491251
1.918335
1.967887
0.563840
1.455227
2.106452
0.868983
0.602847
1.147473
0.328944
0.100077
2.830102
0.541306
0.124337
4.043406
1.167632
0.902430
1.897265
2.398747
4.058753
0.387632
0.308502
7.123678
0.708213
1.576520
1.116893
0.314790
0.364928
0.657125
5.106791
0.704444
5.209674
3.295058
0.312710
2.054877
0.447450
0.573313
1.996083
0.345585
1.910748
1.412526
0.924178
0.219221
1.179967
1.852461
1.438775
0.841425
1.946953
2.408072
5.256873
0.613032
0.244612
0.441766
0.892032
0.502603
3.110856
0.568233
0.549305
1.626995
0.850316
0.617056
4.767122
1.945624
1.500287
0.268112
0.770684
4.591112
0.434061
0.871317
3.789826
1.887379
1.236347
0.246441
0.507150
0.947548
0.757326
1.206581
1.128550
0.326300
0.211775
2.799226
6.023463
0.520139
4.004707
0.632883
5.512633
1.058722
1.341701
0.567868
2.776928
1.219170
0.772270
0.946479
2.993157
3.825194
0.428185
0.087502
0.772270
0.537066
4.347116
0.357809
2.116802
0.935073
1.501885
0.492950
1.522897
0.674403
1.028953
0.438894
0.236180
0.463150
5.748964
0.508383
3.617872
3.764000
2.605448
0.520139
0.344336
0.682870
0.128463
1.872556
2.035828
0.543604
3.728313
2.428247
1.341402
2.660153
0.486974
2.905470
0.253606
0.376467
0.466312
0.625022
0.593175
0.309912
0.151881
6.630107
0.861472
1.896426
0.877122
0.686465
0.501355
2.266220
0.505502
1.939275
0.248254
6.024673
0.490399
5.633931
2.262451
0.227385
0.418192
1.084312
2.246426
6.914197
0.854369
2.993686
0.876890
1.462220
0.652731
0.838520
0.366100
0.278631
1.070089
0.355401
1.159335
4.115634
1.025612
6.002718
0.386531
1.040074
3.240369
1.436409
0.990137
1.796355
0.371323
1.651099
3.477946
1.982788
1.344684
1.102373
2.056134
1.284282
0.636452
2.618646
1.321076
0.710523
6.029741
0.416671
4.711740
2.026726
0.765903
0.844560
0.846243
0.377600
0.293245
0.150243
0.212858
1.114366
0.653360
2.532474
1.596530
0.491251
0.518936
0.827534
0.973665
3.402763
0.774907
1.669841
0.311314
2.576078
0.286427
0.753542
0.134341
2.784902
2.010871
0.630928
7.040852
1.067448
1.796133
0.758404
1.267930
2.914515
0.719399
0.462242
6.768054
1.813131
4.775966
2.364853
3.615414
0.578346
1.856112
5.841427
1.402714
1.095406
3.236096
4.440549
1.623311
1.777402
0.988093
3.737148
0.330257
0.351755
6.113573
0.786919
0.964901
1.634582
0.652100
0.334807
0.938963
3.042129
1.358914
2.439328
0.611009
4.528913
1.266663
0.414122
0.537453
4.308458
3.508150
1.119594
0.379854
0.674403
0.493374
0.303512
1.369194
0.805851
0.262249
4.686518
2.203957
1.552392
0.663350
1.792136
0.544368
5.682417
0.143455
1.396706
0.299890
1.235860
0.472124
0.210686
0.094107
1.779642
3.309065
1.345578
6.730335
0.440811
0.611684
1.380556
0.869451
4.698705
3.473171
0.614040
0.514094
0.980288
7.063791
0.370746
5.404342
0.770684
0.789763
1.054140
0.151881
5.191517
0.326300
1.513683
0.293992
1.770213
5.409955
0.588276
1.856541
0.397390
2.192032
0.587221
0.268938
3.399568
3.762635
1.986195
1.034041
1.127301
2.074322
2.264117
4.504676
0.851987
0.552695
4.508834
4.412205
0.456756
0.408973
3.405317
2.087311
0.986865
0.237134
6.579690
0.315480
1.068581
0.545130
2.939866
1.256002
0.581913
3.055688
0.427197
1.429987
2.485784
0.856032
2.790371
0.800526
0.345585
0.236180
1.590767
1.486230
2.421213
0.701237
5.107332
7.024518
0.705896
0.408973
5.514993
2.211512
6.246503
1.369194
0.499686
1.186085
0.950108
0.946693
0.178259
1.432364
0.526109
1.731512
1.416347
0.554943
3.440993
0.944338
0.817141
2.352237
1.006532
0.667055
1.253603
0.573313
6.913286
1.619865
4.480836
1.666493
0.600100
0.374190
0.892942
3.253399
1.602521
0.861944
2.527695
0.854844
0.318223
0.526505
2.077960
0.233291
0.199408
0.522536
0.505502
1.080215
0.192262
1.172788
0.366100
0.258831
0.378729
4.078399
1.111833
1.455640
5.580328
0.561629
1.176554
0.806357
0.434061
0.382094
2.180223
1.329395
1.558812
0.936587
1.983089
0.849120
1.569792
0.334161
2.024666
0.541306
3.330855
1.117614
0.990341
1.170900
0.357809
3.525733
0.492950
0.863827
0.431623
0.965320
0.995430
5.042495
0.784324
0.261400
0.852941
0.755436
5.702946
2.005028
1.095406
0.637422
0.401644
0.472124
1.372992
9.724211
