0.092677
0.959526
0.520315
3.992465
3.949097
0.158445
1.712444
2.609661
0.992530
2.693835
2.609053
1.166482
0.832994
0.231154
0.704769
0.968776
1.060313
1.026408
3.839754
0.551086
1.833489
4.193337
0.463114
0.506870
1.691096
7.172382
0.254504
1.143629
0.506456
0.445925
0.298739
1.002475
5.582109
3.807050
1.181748
4.829980
2.057818
0.198841
0.674965
2.222699
2.443303
1.861857
0.264877
0.146971
0.267398
2.109176
0.285895
6.074573
6.206885
4.365385
2.744197
3.768613
3.084023
1.061836
0.310989
0.494731
0.307443
0.126118
4.153508
0.489614
0.183988
3.980229
0.307443
0.328081
0.297260
1.149956
0.148680
0.483570
0.471232
0.898123
0.803070
4.784514
0.709994
1.847566
2.368395
0.305293
0.619505
2.514217
2.507185
0.694194
0.647542
0.182684
0.874029
0.875425
0.278823
1.733523
1.326039
0.166034
0.743298
1.056303
1.548500
1.705436
2.128695
0.134201
0.324070
3.310070
0.974199
0.916483
0.326750
0.285119
3.539541
2.326956
0.250035
1.188883
2.500530
1.903446
1.342884
0.181368
1.833054
1.432608
0.928586
0.101858
0.274805
0.461746
0.384989
5.270078
3.572113
1.722669
3.716829
0.651986
3.196681
0.196460
1.409907
0.117260
2.215805
0.325413
7.137950
1.005297
1.711278
3.985534
0.662648
0.223076
0.415392
2.379183
2.379016
0.497269
0.449231
0.592162
6.637888
0.879134
0.346117
0.954866
0.109947
0.586885
0.326750
0.285119
4.691580
4.054646
5.528162
0.161535
0.316571
1.841949
1.090174
3.784307
2.344806
8.423239
1.239102
0.409716
1.755482
4.692757
0.985363
1.983365
4.142275
1.256984
2.457232
1.389138
0.119560
5.776091
3.242517
1.593552
5.774589
1.553400
7.848578
1.310812
7.279847
1.181918
6.258874
0.155277
2.938616
5.542872
0.672521
0.344863
0.597736
1.196478
1.409623
0.733864
0.285119
0.185281
0.126118
0.514657
2.446630
1.264318
0.993346
1.200844
0.769281
0.298000
0.387208
0.248222
1.083487
0.682846
1.370097
1.933346
1.162156
1.921567
1.068662
0.268233
0.713456
0.669452
2.799804
1.195636
0.345491
0.237961
0.275614
3.042544
1.153455
0.189097
1.441668
0.371372
0.650086
1.229652
1.453843
2.932546
0.769281
0.072895
0.089283
0.492606
2.016307
6.515436
0.301671
3.541327
0.561932
0.208043
0.807127
0.986801
0.395947
1.208362
1.612750
1.002475
0.429966
0.753151
0.494731
3.590104
1.385670
0.246393
1.701922
2.484133
2.313776
1.601559
0.499792
3.722990
1.492443
0.509754
1.831966
0.533790
0.175983
0.543854
0.525113
0.692416
0.374827
0.934034
0.763944
3.114543
2.035655
0.426995
0.862782
4.133209
0.249130
0.384989
0.832749
0.767950
2.256850
0.331382
0.550329
2.250680
2.170496
0.801543
0.198841
0.408675
0.996805
6.126593
5.855879
2.519262
0.507283
0.175983
0.458997
0.750973
0.304572
0.452512
7.594998
0.227157
0.434869
0.061307
1.877948
1.478021
0.121800
0.812168
0.344863
0.339797
1.051702
0.578694
0.560449
1.298498
0.101858
0.551841
2.346076
0.240809
13.761728
0.101858
0.289739
0.341072
0.784023
1.231940
0.945046
4.008557
0.872865
0.913153
0.089283
1.026408
0.377680
1.540731
0.067594
0.438749
0.310283
4.143847
1.991977
2.616187
0.762335
0.136122
0.374827
0.233122
2.301988
0.354756
0.384989
0.427988
0.310283
0.332037
0.268233
0.544620
0.428978
0.417944
2.628736
0.755865
0.164552
2.431660
0.273993
1.421797
0.337876
0.095888
0.611438
0.819171
4.653749
0.361980
2.241127
1.712910
4.150465
2.309567
1.515464
0.510574
0.381635
0.480080
0.531046
4.084291
0.248222
1.642455
4.333484
1.702860
1.463181
0.998022
1.150306
2.175528
2.911403
6.922957
0.255387
8.130198
0.697738
1.191082
1.046308
4.828388
2.315063
2.482056
4.883187
0.134201
2.659624
2.198157
4.233023
2.323797
3.958288
1.127473
0.134201
0.177348
2.917586
0.472125
0.315879
1.418552
2.311115
0.270719
0.614812
3.656534
4.302814
0.061307
0.594259
3.969448
1.214839
2.528457
3.925623
3.361821
0.978763
6.004729
1.735479
3.455555
1.344974
1.226704
2.003733
1.762966
0.901511
2.786541
0.208043
3.955294
0.929023
1.213513
0.779841
0.138009
0.326750
1.382917
0.582270
0.699503
0.421489
0.366121
0.801543
0.246393
0.923764
0.899932
0.547673
2.560260
1.059359
0.622169
1.444999
1.029556
1.932316
0.619505
0.283560
0.427988
0.466741
3.785872
0.567089
5.603893
1.225392
4.720005
1.332382
0.175983
0.367881
0.561932
0.596348
2.613002
1.800574
